R-squared: 0.04683928 
 MSE: 2.47218 
 RMSE: 1.572317 
