R-squared: 0.2796088 
 MSE: 2.545316 
 RMSE: 1.595405 
