R-squared: 0.06469258 
 MSE: 2.272378 
 RMSE: 1.507441 
