R-squared: 0.3307693 
 MSE: 2.272378 
