R-squared: 0.04234263 
 MSE: 2.363839 
 RMSE: 1.537478 
