R-squared: 0.06821998 
 MSE: 2.511422 
 RMSE: 1.584747 
