R-squared: 0.07404591 
 MSE: 2.934181 
