R-squared: -0.05988341 
 MSE: 3.054337 
 RMSE: 1.747666 
