R-squared: -0.01818835 
 MSE: 2.934181 
 RMSE: 1.712945 
