R-squared: 0.01915076 
 MSE: 2.543995 
 RMSE: 1.594991 
