R-squared: 0.06378089 
 MSE: 2.523386 
 RMSE: 1.588517 
