R-squared: 0.06802997 
 MSE: 3.054337 
