R-squared: 0.3495663 
 MSE: 2.357613 
