R-squared: 0.02960975 
 MSE: 2.357613 
 RMSE: 1.535452 
