R-squared: -0.7197791 
 MSE: 5.945862 
 RMSE: 2.438414 
