R-squared: -0.367052 
 MSE: 6.120886 
 RMSE: 2.474042 
